9 2
19 2
52 2
54 2
59 2
99 2
113 2
115 2
118 2
135 2
149 2
170 2
173 2
212 2
237 2
255 2
260 2
265 2
342 2
353 2
391 2
397 2
556 2
564 2
575 2
600 2
632 2
635 2
638 2
646 2
663 2
6 4
14 4
35 4
42 4
43 4
65 4
126 4
139 4
161 4
257 4
326 4
593 4
126 5
139 5
218 5
257 5
263 5
437 5
476 5
518 5
593 5
620 5
14 6
35 6
42 6
126 6
139 6
161 6
257 6
263 6
326 6
593 6
19 9
52 9
54 9
99 9
113 9
115 9
118 9
135 9
149 9
173 9
212 9
237 9
255 9
260 9
265 9
342 9
353 9
391 9
397 9
564 9
575 9
600 9
632 9
635 9
638 9
646 9
663 9
35 14
42 14
43 14
65 14
161 14
207 14
326 14
482 14
593 14
28 15
53 15
63 15
147 15
159 15
169 15
192 15
215 15
221 15
238 15
250 15
262 15
264 15
390 15
534 15
614 15
665 15
52 19
54 19
99 19
113 19
115 19
118 19
135 19
149 19
173 19
212 19
237 19
255 19
260 19
265 19
342 19
353 19
391 19
397 19
564 19
575 19
600 19
632 19
635 19
638 19
646 19
663 19
32 27
80 27
156 27
229 27
245 27
268 27
380 27
462 27
540 27
54 28
59 28
63 28
135 28
147 28
159 28
169 28
170 28
173 28
215 28
221 28
238 28
250 28
262 28
264 28
278 28
356 28
390 28
534 28
556 28
564 28
575 28
600 28
638 28
665 28
80 32
156 32
229 32
245 32
268 32
380 32
462 32
540 32
42 35
126 35
139 35
161 35
257 35
263 35
326 35
593 35
126 42
139 42
161 42
257 42
263 42
326 42
593 42
53 43
65 43
192 43
207 43
326 43
482 43
614 43
54 52
59 52
99 52
113 52
115 52
118 52
135 52
149 52
170 52
173 52
212 52
237 52
255 52
260 52
265 52
278 52
342 52
353 52
356 52
391 52
397 52
556 52
564 52
575 52
600 52
632 52
635 52
638 52
646 52
663 52
65 53
192 53
207 53
221 53
326 53
482 53
614 53
59 54
99 54
113 54
115 54
118 54
135 54
149 54
170 54
173 54
212 54
237 54
238 54
255 54
260 54
265 54
278 54
342 54
353 54
356 54
390 54
391 54
397 54
556 54
564 54
575 54
600 54
632 54
635 54
638 54
646 54
663 54
63 59
113 59
135 59
147 59
159 59
169 59
170 59
173 59
215 59
237 59
238 59
250 59
260 59
262 59
264 59
278 59
342 59
353 59
356 59
390 59
391 59
397 59
534 59
556 59
564 59
575 59
600 59
638 59
646 59
665 59
147 63
159 63
169 63
192 63
215 63
221 63
238 63
250 63
262 63
264 63
278 63
356 63
390 63
534 63
614 63
665 63
161 65
207 65
326 65
482 65
614 65
156 80
229 80
245 80
268 80
380 80
462 80
540 80
113 99
115 99
118 99
135 99
149 99
173 99
212 99
237 99
255 99
260 99
265 99
342 99
353 99
391 99
397 99
564 99
575 99
600 99
632 99
635 99
638 99
646 99
663 99
115 113
118 113
135 113
149 113
170 113
173 113
212 113
237 113
255 113
260 113
265 113
342 113
353 113
356 113
391 113
397 113
556 113
564 113
575 113
600 113
632 113
635 113
638 113
646 113
663 113
118 115
135 115
149 115
170 115
173 115
212 115
237 115
255 115
260 115
265 115
342 115
353 115
391 115
397 115
556 115
564 115
575 115
600 115
632 115
635 115
638 115
646 115
663 115
135 118
149 118
212 118
237 118
255 118
260 118
265 118
342 118
353 118
391 118
397 118
564 118
575 118
600 118
632 118
635 118
638 118
646 118
663 118
139 126
161 126
218 126
257 126
263 126
437 126
476 126
518 126
593 126
149 135
169 135
170 135
173 135
212 135
237 135
238 135
250 135
255 135
260 135
262 135
264 135
265 135
278 135
342 135
353 135
356 135
390 135
391 135
397 135
534 135
556 135
564 135
575 135
600 135
632 135
635 135
638 135
646 135
663 135
161 139
218 139
257 139
263 139
437 139
476 139
518 139
593 139
159 147
169 147
170 147
192 147
215 147
221 147
238 147
250 147
262 147
264 147
278 147
356 147
390 147
534 147
614 147
665 147
212 149
237 149
255 149
260 149
265 149
342 149
353 149
391 149
397 149
564 149
575 149
600 149
632 149
635 149
638 149
646 149
663 149
229 156
245 156
268 156
380 156
462 156
540 156
620 156
169 159
170 159
192 159
215 159
221 159
238 159
250 159
262 159
264 159
278 159
356 159
390 159
534 159
556 159
614 159
665 159
257 161
326 161
593 161
170 169
173 169
192 169
215 169
221 169
238 169
250 169
262 169
264 169
278 169
356 169
390 169
534 169
556 169
564 169
575 169
600 169
665 169
173 170
237 170
238 170
250 170
260 170
262 170
264 170
265 170
278 170
342 170
353 170
356 170
390 170
391 170
397 170
534 170
556 170
564 170
575 170
600 170
638 170
646 170
665 170
212 173
237 173
238 173
250 173
255 173
260 173
262 173
264 173
265 173
278 173
342 173
353 173
356 173
390 173
391 173
397 173
534 173
556 173
564 173
575 173
600 173
632 173
635 173
638 173
646 173
663 173
665 173
207 192
215 192
221 192
250 192
262 192
264 192
482 192
534 192
614 192
665 192
221 207
326 207
482 207
614 207
237 212
255 212
260 212
265 212
342 212
353 212
391 212
397 212
564 212
575 212
600 212
632 212
635 212
638 212
646 212
663 212
221 215
238 215
250 215
262 215
264 215
278 215
356 215
390 215
534 215
614 215
665 215
257 218
263 218
437 218
476 218
518 218
593 218
620 218
250 221
262 221
264 221
482 221
534 221
614 221
665 221
245 229
268 229
380 229
462 229
540 229
255 237
260 237
265 237
278 237
342 237
353 237
356 237
390 237
391 237
397 237
556 237
564 237
575 237
600 237
632 237
635 237
638 237
646 237
663 237
250 238
262 238
264 238
278 238
356 238
390 238
534 238
556 238
564 238
575 238
600 238
638 238
646 238
665 238
268 245
380 245
462 245
540 245
620 245
262 250
264 250
278 250
356 250
390 250
534 250
556 250
564 250
575 250
600 250
665 250
260 255
265 255
342 255
353 255
391 255
397 255
556 255
564 255
575 255
600 255
632 255
635 255
638 255
646 255
663 255
263 257
437 257
476 257
518 257
593 257
265 260
278 260
342 260
353 260
356 260
391 260
397 260
556 260
564 260
575 260
600 260
632 260
635 260
638 260
646 260
663 260
264 262
278 262
356 262
390 262
534 262
556 262
564 262
575 262
665 262
437 263
476 263
518 263
593 263
278 264
356 264
390 264
534 264
556 264
564 264
575 264
665 264
342 265
353 265
391 265
397 265
556 265
564 265
575 265
600 265
632 265
635 265
638 265
646 265
663 265
380 268
462 268
540 268
620 268
353 278
356 278
390 278
391 278
397 278
534 278
556 278
564 278
575 278
600 278
638 278
646 278
665 278
482 326
353 342
356 342
391 342
397 342
556 342
564 342
575 342
600 342
632 342
635 342
638 342
646 342
663 342
356 353
391 353
397 353
556 353
564 353
575 353
600 353
632 353
635 353
638 353
646 353
663 353
390 356
391 356
397 356
534 356
556 356
564 356
575 356
600 356
638 356
646 356
665 356
462 380
540 380
391 390
397 390
534 390
556 390
564 390
575 390
600 390
638 390
646 390
665 390
397 391
556 391
564 391
575 391
600 391
632 391
635 391
638 391
646 391
663 391
556 397
564 397
575 397
600 397
632 397
635 397
638 397
646 397
663 397
476 437
518 437
593 437
620 437
540 462
518 476
620 476
614 482
620 518
556 534
564 534
575 534
614 534
665 534
620 540
564 556
575 556
600 556
632 556
638 556
646 556
663 556
665 556
575 564
600 564
632 564
635 564
638 564
646 564
663 564
665 564
600 575
632 575
635 575
638 575
646 575
663 575
665 575
632 600
635 600
638 600
646 600
663 600
665 614
635 632
638 632
646 632
663 632
638 635
646 635
663 635
646 638
663 638
663 646
