9 2
28 2
53 2
59 2
115 2
139 2
149 2
169 2
173 2
192 2
212 2
221 2
237 2
245 2
260 2
264 2
353 2
518 2
575 2
600 2
614 2
632 2
5 4
6 4
27 4
42 4
43 4
53 4
63 4
65 4
80 4
126 4
135 4
139 4
153 4
156 4
161 4
170 4
215 4
218 4
229 4
237 4
238 4
245 4
257 4
262 4
263 4
356 4
390 4
437 4
462 4
476 4
518 4
540 4
575 4
593 4
600 4
610 4
620 4
646 4
665 4
6 5
9 5
14 5
27 5
28 5
32 5
42 5
43 5
53 5
59 5
63 5
65 5
80 5
118 5
135 5
139 5
156 5
159 5
161 5
170 5
173 5
192 5
207 5
215 5
218 5
221 5
229 5
238 5
245 5
257 5
260 5
262 5
263 5
356 5
390 5
437 5
476 5
482 5
518 5
540 5
575 5
593 5
600 5
610 5
614 5
620 5
665 5
32 6
43 6
53 6
65 6
80 6
118 6
215 6
238 6
257 6
263 6
356 6
390 6
437 6
482 6
518 6
575 6
600 6
620 6
28 9
53 9
54 9
59 9
65 9
115 9
118 9
139 9
170 9
173 9
192 9
212 9
221 9
237 9
260 9
264 9
353 9
482 9
518 9
575 9
600 9
614 9
620 9
632 9
635 9
27 14
28 14
43 14
53 14
65 14
80 14
139 14
173 14
192 14
207 14
215 14
221 14
229 14
237 14
245 14
257 14
260 14
263 14
326 14
390 14
476 14
482 14
518 14
575 14
593 14
600 14
614 14
620 14
52 19
115 19
212 19
391 19
632 19
635 19
663 19
28 27
42 27
53 27
54 27
63 27
65 27
80 27
126 27
135 27
139 27
149 27
153 27
156 27
161 27
170 27
173 27
192 27
215 27
218 27
221 27
229 27
237 27
238 27
245 27
257 27
260 27
262 27
263 27
356 27
390 27
437 27
462 27
476 27
518 27
540 27
575 27
593 27
600 27
610 27
614 27
620 27
665 27
53 28
65 28
139 28
173 28
192 28
207 28
221 28
229 28
237 28
245 28
260 28
262 28
264 28
326 28
390 28
476 28
482 28
518 28
593 28
600 28
614 28
53 32
65 32
118 32
263 32
620 32
268 35
53 42
54 42
63 42
65 42
80 42
139 42
149 42
156 42
161 42
170 42
173 42
215 42
221 42
229 42
237 42
245 42
262 42
356 42
437 42
476 42
518 42
540 42
600 42
614 42
53 43
65 43
80 43
118 43
173 43
192 43
207 43
238 43
257 43
260 43
263 43
390 43
518 43
575 43
593 43
600 43
614 43
620 43
115 52
391 52
397 52
635 52
663 52
54 53
59 53
63 53
65 53
80 53
118 53
139 53
156 53
159 53
161 53
170 53
173 53
192 53
207 53
215 53
221 53
229 53
237 53
238 53
245 53
257 53
260 53
262 53
263 53
356 53
390 53
437 53
476 53
482 53
518 53
540 53
575 53
593 53
600 53
610 53
614 53
620 53
59 54
63 54
80 54
115 54
149 54
156 54
170 54
215 54
229 54
237 54
245 54
262 54
356 54
437 54
518 54
540 54
635 54
638 54
65 59
118 59
139 59
149 59
159 59
170 59
173 59
237 59
245 59
262 59
264 59
518 59
575 59
600 59
635 59
65 63
80 63
118 63
139 63
147 63
149 63
156 63
161 63
170 63
173 63
215 63
218 63
221 63
229 63
237 63
238 63
245 63
262 63
263 63
356 63
390 63
437 63
476 63
482 63
518 63
540 63
600 63
610 63
614 63
620 63
638 63
665 63
80 65
118 65
139 65
156 65
159 65
161 65
170 65
173 65
192 65
207 65
215 65
218 65
221 65
229 65
238 65
245 65
257 65
260 65
262 65
263 65
326 65
356 65
390 65
437 65
476 65
482 65
518 65
540 65
575 65
593 65
600 65
610 65
614 65
620 65
638 65
118 80
135 80
139 80
149 80
153 80
156 80
161 80
170 80
215 80
218 80
221 80
229 80
237 80
238 80
245 80
257 80
260 80
262 80
263 80
356 80
390 80
437 80
462 80
476 80
482 80
518 80
540 80
575 80
593 80
600 80
610 80
614 80
620 80
638 80
665 80
139 113
215 113
476 113
149 115
212 115
397 115
635 115
663 115
139 118
159 118
170 118
173 118
215 118
221 118
262 118
263 118
437 118
482 118
518 118
540 118
575 118
600 118
620 118
135 126
159 126
161 126
620 135
149 139
156 139
159 139
170 139
173 139
192 139
207 139
215 139
221 139
229 139
237 139
245 139
257 139
260 139
262 139
263 139
342 139
390 139
476 139
482 139
518 139
540 139
575 139
593 139
600 139
614 139
620 139
646 139
665 139
149 147
215 147
229 147
245 147
356 147
156 149
170 149
215 149
229 149
237 149
245 149
262 149
635 149
215 153
218 153
229 153
238 153
257 153
263 153
278 153
390 153
476 153
610 153
620 153
665 153
161 156
170 156
215 156
229 156
237 156
245 156
262 156
356 156
437 156
476 156
518 156
540 156
600 156
610 156
665 156
173 159
518 159
575 159
600 159
620 159
170 161
215 161
229 161
237 161
238 161
245 161
263 161
356 161
437 161
476 161
518 161
540 161
575 161
600 161
620 161
264 169
353 169
173 170
215 170
221 170
229 170
237 170
245 170
262 170
356 170
437 170
476 170
482 170
518 170
540 170
575 170
600 170
610 170
614 170
192 173
207 173
215 173
221 173
229 173
237 173
245 173
257 173
260 173
263 173
342 173
390 173
476 173
482 173
518 173
540 173
575 173
593 173
600 173
614 173
620 173
207 192
221 192
229 192
245 192
257 192
260 192
326 192
390 192
476 192
482 192
518 192
575 192
593 192
600 192
614 192
620 192
221 207
229 207
245 207
257 207
260 207
326 207
390 207
482 207
518 207
593 207
600 207
614 207
620 207
353 212
391 212
632 212
218 215
221 215
229 215
237 215
238 215
245 215
257 215
262 215
263 215
278 215
356 215
390 215
437 215
476 215
482 215
518 215
540 215
575 215
600 215
610 215
614 215
620 215
638 215
665 215
229 218
238 218
257 218
263 218
356 218
437 218
476 218
540 218
600 218
610 218
620 218
665 218
229 221
245 221
257 221
260 221
262 221
263 221
278 221
326 221
380 221
390 221
476 221
482 221
518 221
540 221
575 221
593 221
600 221
614 221
620 221
237 229
238 229
245 229
257 229
260 229
262 229
263 229
278 229
356 229
390 229
437 229
476 229
482 229
518 229
540 229
600 229
610 229
614 229
620 229
638 229
665 229
245 237
260 237
262 237
476 237
518 237
540 237
593 237
600 237
614 237
665 237
245 238
257 238
263 238
356 238
390 238
437 238
476 238
540 238
593 238
600 238
610 238
620 238
638 238
665 238
260 245
262 245
278 245
356 245
390 245
437 245
476 245
482 245
518 245
540 245
600 245
610 245
614 245
665 245
260 257
263 257
268 257
342 257
390 257
476 257
482 257
518 257
575 257
593 257
600 257
614 257
620 257
665 257
263 260
264 260
342 260
390 260
476 260
482 260
518 260
575 260
593 260
600 260
614 260
620 260
356 262
437 262
476 262
482 262
518 262
540 262
600 262
610 262
614 262
638 262
268 263
342 263
356 263
390 263
437 263
462 263
476 263
482 263
518 263
540 263
556 263
575 263
593 263
600 263
610 263
614 263
620 263
665 263
556 268
476 278
614 326
390 342
482 342
575 342
593 342
600 342
391 353
437 356
476 356
482 356
518 356
540 356
575 356
600 356
610 356
620 356
638 356
665 356
476 390
482 390
518 390
575 390
593 390
600 390
614 390
620 390
632 391
476 437
482 437
518 437
540 437
600 437
610 437
620 437
638 437
476 462
540 462
665 462
518 476
540 476
593 476
600 476
610 476
614 476
665 476
518 482
540 482
575 482
600 482
614 482
620 482
540 518
575 518
593 518
600 518
614 518
620 518
575 540
593 540
600 540
610 540
614 540
620 540
665 540
593 575
600 575
614 575
620 575
600 593
614 593
620 593
665 593
610 600
614 600
620 600
665 600
620 610
665 610
620 614
635 632
663 635
665 646
