9 2
19 2
113 2
149 2
169 2
255 2
264 2
353 2
632 2
663 2
5 4
6 4
14 4
27 4
28 4
32 4
35 4
42 4
43 4
53 4
59 4
63 4
65 4
135 4
139 4
147 4
153 4
156 4
161 4
170 4
192 4
207 4
218 4
221 4
229 4
238 4
245 4
250 4
257 4
262 4
268 4
326 4
380 4
476 4
482 4
518 4
540 4
593 4
600 4
610 4
614 4
620 4
646 4
665 4
6 5
14 5
27 5
28 5
32 5
35 5
42 5
43 5
53 5
63 5
65 5
135 5
139 5
153 5
156 5
161 5
192 5
207 5
215 5
218 5
221 5
229 5
238 5
245 5
250 5
257 5
262 5
268 5
326 5
380 5
476 5
518 5
540 5
593 5
600 5
610 5
614 5
620 5
665 5
14 6
32 6
35 6
43 6
153 6
156 6
161 6
192 6
215 6
218 6
229 6
238 6
268 6
326 6
356 6
380 6
437 6
462 6
476 6
593 6
610 6
665 6
19 9
113 9
149 9
169 9
237 9
255 9
264 9
353 9
632 9
663 9
35 14
43 14
80 14
153 14
156 14
161 14
215 14
218 14
229 14
238 14
262 14
326 14
356 14
380 14
437 14
462 14
476 14
556 14
593 14
665 14
42 15
53 15
54 15
59 15
63 15
65 15
135 15
139 15
147 15
170 15
173 15
207 15
221 15
245 15
257 15
391 15
518 15
534 15
600 15
614 15
646 15
663 15
52 19
113 19
149 19
169 19
255 19
264 19
353 19
632 19
28 27
32 27
42 27
53 27
54 27
59 27
63 27
65 27
135 27
139 27
147 27
153 27
156 27
161 27
170 27
192 27
207 27
221 27
238 27
245 27
250 27
257 27
262 27
268 27
518 27
534 27
540 27
593 27
600 27
610 27
614 27
620 27
646 27
665 27
42 28
53 28
63 28
135 28
139 28
156 28
207 28
237 28
245 28
262 28
593 28
600 28
610 28
614 28
665 28
42 32
43 32
53 32
54 32
59 32
63 32
65 32
135 32
139 32
147 32
153 32
156 32
161 32
170 32
192 32
207 32
218 32
221 32
229 32
238 32
245 32
250 32
257 32
262 32
268 32
380 32
476 32
482 32
518 32
534 32
540 32
575 32
593 32
600 32
610 32
614 32
620 32
646 32
43 35
80 35
153 35
156 35
161 35
215 35
218 35
229 35
238 35
326 35
356 35
380 35
437 35
462 35
476 35
556 35
593 35
665 35
53 42
54 42
59 42
63 42
65 42
135 42
139 42
147 42
153 42
156 42
170 42
173 42
192 42
207 42
221 42
245 42
250 42
257 42
262 42
268 42
518 42
534 42
540 42
593 42
600 42
610 42
614 42
620 42
646 42
665 42
153 43
156 43
161 43
192 43
215 43
218 43
229 43
238 43
268 43
326 43
356 43
380 43
437 43
462 43
476 43
593 43
610 43
665 43
113 52
169 52
255 52
264 52
353 52
59 53
63 53
65 53
135 53
139 53
147 53
153 53
156 53
170 53
173 53
192 53
207 53
221 53
245 53
250 53
257 53
262 53
268 53
518 53
534 53
540 53
593 53
600 53
610 53
614 53
620 53
646 53
665 53
59 54
65 54
135 54
147 54
149 54
170 54
173 54
192 54
207 54
221 54
245 54
250 54
257 54
391 54
482 54
518 54
534 54
540 54
575 54
600 54
610 54
614 54
620 54
646 54
663 54
63 59
65 59
135 59
139 59
147 59
170 59
173 59
192 59
207 59
221 59
245 59
250 59
257 59
262 59
391 59
482 59
518 59
534 59
540 59
575 59
600 59
610 59
614 59
620 59
646 59
663 59
65 63
135 63
139 63
147 63
153 63
156 63
207 63
221 63
245 63
257 63
262 63
534 63
593 63
600 63
610 63
614 63
665 63
135 65
139 65
147 65
153 65
156 65
170 65
173 65
192 65
207 65
221 65
245 65
250 65
257 65
262 65
268 65
482 65
518 65
534 65
540 65
575 65
593 65
600 65
610 65
614 65
620 65
646 65
118 80
126 80
278 80
326 80
356 80
437 80
462 80
556 80
149 113
169 113
237 113
255 113
264 113
353 113
632 113
260 115
391 115
564 115
126 118
278 118
462 118
556 118
263 126
278 126
437 126
462 126
556 126
139 135
147 135
153 135
156 135
170 135
173 135
192 135
207 135
221 135
245 135
250 135
257 135
262 135
268 135
518 135
534 135
540 135
593 135
600 135
610 135
614 135
620 135
646 135
665 135
147 139
153 139
156 139
173 139
192 139
207 139
221 139
245 139
257 139
262 139
518 139
534 139
593 139
600 139
610 139
614 139
620 139
646 139
665 139
170 147
173 147
192 147
207 147
221 147
245 147
250 147
257 147
262 147
391 147
482 147
518 147
534 147
540 147
575 147
600 147
610 147
614 147
620 147
646 147
663 147
169 149
237 149
255 149
264 149
632 149
663 149
156 153
161 153
192 153
207 153
218 153
221 153
229 153
238 153
245 153
250 153
257 153
262 153
268 153
326 153
356 153
380 153
476 153
518 153
540 153
593 153
610 153
614 153
620 153
665 153
161 156
192 156
207 156
215 156
218 156
221 156
229 156
238 156
245 156
250 156
257 156
262 156
268 156
326 156
356 156
380 156
476 156
518 156
540 156
593 156
600 156
610 156
614 156
620 156
665 156
192 161
215 161
218 161
229 161
238 161
262 161
268 161
326 161
356 161
380 161
437 161
462 161
476 161
556 161
593 161
610 161
614 161
665 161
237 169
255 169
264 169
353 169
632 169
663 169
192 170
207 170
221 170
245 170
250 170
257 170
268 170
391 170
482 170
518 170
534 170
540 170
575 170
600 170
610 170
614 170
620 170
646 170
207 173
245 173
534 173
600 173
614 173
646 173
207 192
218 192
221 192
229 192
238 192
245 192
250 192
257 192
262 192
268 192
380 192
476 192
482 192
518 192
534 192
540 192
575 192
593 192
600 192
610 192
614 192
620 192
646 192
221 207
245 207
250 207
257 207
262 207
268 207
518 207
534 207
540 207
593 207
600 207
610 207
614 207
620 207
646 207
665 207
265 212
342 212
229 215
238 215
262 215
326 215
356 215
380 215
462 215
556 215
593 215
665 215
229 218
238 218
250 218
268 218
326 218
356 218
380 218
437 218
462 218
476 218
593 218
610 218
245 221
250 221
257 221
262 221
268 221
391 221
482 221
518 221
534 221
540 221
575 221
600 221
610 221
614 221
620 221
646 221
238 229
262 229
268 229
326 229
356 229
380 229
437 229
462 229
476 229
593 229
610 229
665 229
600 237
632 237
663 237
250 238
262 238
268 238
326 238
356 238
380 238
476 238
593 238
610 238
614 238
620 238
665 238
250 245
257 245
262 245
268 245
518 245
534 245
540 245
593 245
600 245
610 245
614 245
620 245
646 245
665 245
257 250
268 250
476 250
482 250
518 250
534 250
540 250
575 250
610 250
614 250
620 250
646 250
264 255
353 255
632 255
262 257
268 257
391 257
482 257
518 257
534 257
540 257
575 257
600 257
610 257
614 257
620 257
646 257
391 260
564 260
268 262
518 262
534 262
593 262
600 262
610 262
614 262
620 262
646 262
665 262
278 263
353 264
632 264
342 265
397 265
635 265
380 268
476 268
482 268
518 268
540 268
575 268
593 268
610 268
614 268
620 268
646 268
437 278
462 278
556 278
356 326
380 326
437 326
462 326
476 326
556 326
593 326
665 326
380 356
437 356
462 356
476 356
556 356
593 356
437 380
462 380
476 380
593 380
610 380
665 380
482 391
518 391
534 391
540 391
564 391
575 391
620 391
646 391
635 397
462 437
476 437
556 437
476 462
556 462
593 476
610 476
665 476
518 482
534 482
540 482
575 482
610 482
620 482
646 482
534 518
540 518
575 518
600 518
610 518
614 518
620 518
646 518
540 534
575 534
600 534
610 534
614 534
620 534
646 534
575 540
600 540
610 540
614 540
620 540
646 540
610 575
620 575
646 575
610 593
614 593
665 593
610 600
614 600
620 600
646 600
663 600
614 610
620 610
646 610
665 610
620 614
646 614
665 614
646 620
663 632
