9 2
15 2
19 2
52 2
54 2
59 2
113 2
169 2
212 2
237 2
255 2
264 2
265 2
342 2
353 2
397 2
534 2
564 2
632 2
635 2
663 2
5 4
6 4
14 4
19 4
27 4
32 4
42 4
43 4
53 4
63 4
65 4
113 4
135 4
153 4
156 4
161 4
192 4
207 4
215 4
218 4
221 4
237 4
238 4
245 4
250 4
262 4
265 4
326 4
380 4
397 4
476 4
593 4
600 4
610 4
614 4
635 4
665 4
14 5
19 5
27 5
32 5
42 5
43 5
53 5
63 5
65 5
113 5
135 5
153 5
156 5
161 5
192 5
207 5
215 5
218 5
221 5
237 5
238 5
245 5
250 5
257 5
262 5
265 5
268 5
353 5
397 5
476 5
593 5
600 5
610 5
614 5
632 5
635 5
665 5
14 6
27 6
42 6
161 6
238 6
262 6
610 6
614 6
665 6
15 9
19 9
52 9
54 9
59 9
63 9
113 9
139 9
147 9
170 9
212 9
221 9
237 9
245 9
255 9
264 9
265 9
342 9
353 9
397 9
534 9
564 9
600 9
632 9
635 9
646 9
663 9
27 14
35 14
42 14
43 14
53 14
63 14
118 14
135 14
156 14
161 14
192 14
207 14
215 14
218 14
221 14
229 14
238 14
245 14
262 14
326 14
380 14
397 14
437 14
462 14
593 14
600 14
610 14
614 14
665 14
19 15
52 15
113 15
147 15
169 15
212 15
255 15
265 15
342 15
397 15
635 15
663 15
27 19
42 19
52 19
53 19
54 19
59 19
63 19
65 19
113 19
135 19
139 19
147 19
153 19
161 19
169 19
170 19
192 19
207 19
212 19
221 19
237 19
238 19
245 19
250 19
255 19
257 19
262 19
264 19
265 19
342 19
353 19
397 19
476 19
534 19
564 19
600 19
610 19
614 19
632 19
635 19
646 19
663 19
665 19
32 27
42 27
43 27
53 27
63 27
65 27
113 27
135 27
153 27
156 27
161 27
192 27
207 27
215 27
218 27
221 27
229 27
237 27
238 27
245 27
250 27
257 27
262 27
265 27
326 27
380 27
397 27
476 27
593 27
600 27
610 27
614 27
620 27
635 27
665 27
113 32
135 32
153 32
207 32
218 32
221 32
237 32
238 32
245 32
257 32
262 32
265 32
268 32
397 32
476 32
600 32
614 32
620 32
215 35
53 42
63 42
65 42
113 42
153 42
156 42
161 42
192 42
207 42
212 42
218 42
221 42
229 42
237 42
238 42
245 42
257 42
262 42
265 42
326 42
380 42
397 42
476 42
593 42
600 42
610 42
614 42
635 42
665 42
53 43
63 43
65 43
153 43
156 43
161 43
215 43
218 43
237 43
238 43
245 43
250 43
262 43
326 43
380 43
397 43
593 43
600 43
610 43
614 43
665 43
54 52
59 52
63 52
113 52
139 52
170 52
212 52
221 52
237 52
255 52
264 52
265 52
342 52
353 52
397 52
534 52
564 52
600 52
632 52
635 52
646 52
663 52
63 53
65 53
113 53
135 53
153 53
156 53
161 53
192 53
207 53
215 53
218 53
221 53
237 53
238 53
245 53
250 53
257 53
262 53
265 53
326 53
380 53
397 53
476 53
593 53
600 53
610 53
614 53
635 53
665 53
113 54
212 54
255 54
264 54
265 54
342 54
353 54
397 54
564 54
632 54
635 54
646 54
663 54
63 59
113 59
147 59
212 59
237 59
255 59
264 59
265 59
342 59
353 59
397 59
534 59
600 59
632 59
635 59
646 59
663 59
65 63
113 63
135 63
153 63
156 63
161 63
192 63
207 63
212 63
218 63
221 63
237 63
238 63
245 63
250 63
255 63
257 63
262 63
265 63
342 63
353 63
397 63
476 63
593 63
600 63
610 63
614 63
632 63
635 63
646 63
663 63
665 63
113 65
135 65
153 65
156 65
192 65
207 65
215 65
218 65
221 65
237 65
238 65
245 65
250 65
257 65
262 65
265 65
380 65
397 65
593 65
600 65
610 65
614 65
635 65
665 65
135 113
139 113
147 113
153 113
161 113
169 113
170 113
192 113
207 113
212 113
218 113
221 113
237 113
238 113
245 113
250 113
255 113
257 113
262 113
264 113
265 113
268 113
342 113
353 113
397 113
476 113
534 113
600 113
610 113
614 113
620 113
632 113
635 113
646 113
663 113
665 113
139 135
153 135
156 135
192 135
207 135
215 135
218 135
221 135
237 135
238 135
245 135
257 135
262 135
264 135
265 135
397 135
600 135
610 135
614 135
620 135
635 135
663 135
665 135
212 139
237 139
255 139
264 139
265 139
342 139
353 139
397 139
600 139
632 139
635 139
663 139
237 147
265 147
353 147
397 147
534 147
632 147
635 147
663 147
161 153
192 153
207 153
215 153
218 153
237 153
238 153
245 153
250 153
262 153
265 153
268 153
397 153
476 153
600 153
610 153
614 153
665 153
161 156
192 156
207 156
215 156
218 156
221 156
238 156
245 156
262 156
265 156
380 156
397 156
593 156
600 156
610 156
614 156
665 156
192 161
207 161
218 161
221 161
229 161
238 161
245 161
262 161
265 161
326 161
380 161
397 161
462 161
593 161
600 161
610 161
614 161
665 161
265 169
342 169
397 169
635 169
663 169
212 170
237 170
255 170
264 170
265 170
353 170
632 170
635 170
646 170
663 170
207 192
221 192
237 192
238 192
245 192
250 192
257 192
262 192
265 192
397 192
600 192
610 192
614 192
632 192
635 192
665 192
218 207
221 207
237 207
238 207
245 207
250 207
257 207
262 207
265 207
397 207
476 207
593 207
600 207
610 207
614 207
620 207
635 207
663 207
665 207
221 212
237 212
245 212
255 212
262 212
264 212
265 212
342 212
353 212
397 212
534 212
564 212
600 212
614 212
632 212
635 212
646 212
663 212
218 215
237 215
238 215
262 215
380 215
397 215
593 215
610 215
665 215
237 218
238 218
245 218
262 218
265 218
326 218
380 218
397 218
462 218
476 218
593 218
600 218
610 218
614 218
665 218
237 221
238 221
245 221
250 221
257 221
262 221
265 221
353 221
397 221
476 221
600 221
610 221
614 221
620 221
632 221
635 221
646 221
663 221
665 221
238 229
262 229
610 229
614 229
665 229
238 237
245 237
250 237
255 237
257 237
262 237
264 237
265 237
268 237
342 237
353 237
397 237
476 237
534 237
600 237
610 237
614 237
620 237
632 237
635 237
646 237
663 237
665 237
245 238
250 238
257 238
262 238
265 238
326 238
380 238
397 238
476 238
593 238
600 238
610 238
614 238
635 238
665 238
250 245
257 245
262 245
265 245
268 245
326 245
353 245
380 245
397 245
476 245
593 245
600 245
610 245
614 245
620 245
632 245
635 245
646 245
663 245
665 245
262 250
265 250
397 250
600 250
610 250
614 250
635 250
665 250
264 255
265 255
342 255
353 255
397 255
534 255
564 255
600 255
632 255
635 255
646 255
663 255
262 257
265 257
353 257
397 257
476 257
600 257
610 257
614 257
620 257
632 257
635 257
663 257
265 262
326 262
353 262
380 262
397 262
462 262
476 262
593 262
600 262
610 262
614 262
620 262
632 262
635 262
663 262
665 262
265 264
342 264
353 264
397 264
534 264
632 264
635 264
646 264
663 264
268 265
342 265
353 265
397 265
476 265
534 265
564 265
593 265
600 265
610 265
614 265
620 265
632 265
635 265
646 265
663 265
665 265
397 268
600 268
632 268
397 326
600 326
610 326
614 326
665 326
353 342
391 342
397 342
534 342
564 342
632 342
635 342
646 342
663 342
397 353
534 353
564 353
600 353
632 353
635 353
646 353
663 353
397 380
593 380
600 380
610 380
614 380
665 380
635 391
476 397
534 397
564 397
593 397
600 397
610 397
614 397
620 397
632 397
635 397
646 397
663 397
665 397
665 462
600 476
614 476
632 534
635 534
646 534
663 534
635 564
663 564
600 593
610 593
614 593
665 593
610 600
614 600
620 600
632 600
635 600
646 600
663 600
665 600
614 610
665 610
620 614
635 614
663 614
665 614
635 632
646 632
663 632
646 635
663 635
663 646
