52 2
54 2
99 2
115 2
255 2
264 2
534 2
564 2
575 2
632 2
638 2
663 2
5 4
6 4
14 4
27 4
28 4
32 4
35 4
42 4
43 4
53 4
63 4
65 4
80 4
118 4
126 4
135 4
139 4
153 4
156 4
161 4
192 4
207 4
215 4
218 4
221 4
229 4
238 4
245 4
250 4
257 4
262 4
263 4
268 4
278 4
326 4
356 4
380 4
437 4
462 4
476 4
540 4
556 4
593 4
600 4
610 4
614 4
620 4
665 4
6 5
14 5
27 5
32 5
42 5
43 5
53 5
63 5
65 5
80 5
118 5
135 5
139 5
153 5
156 5
192 5
215 5
218 5
237 5
238 5
257 5
262 5
263 5
268 5
278 5
326 5
380 5
462 5
476 5
540 5
556 5
593 5
610 5
614 5
620 5
14 6
27 6
28 6
35 6
42 6
43 6
53 6
65 6
80 6
118 6
126 6
153 6
156 6
161 6
192 6
207 6
215 6
218 6
229 6
238 6
257 6
262 6
263 6
278 6
326 6
356 6
380 6
437 6
462 6
556 6
593 6
610 6
614 6
665 6
15 9
54 9
113 9
260 9
342 9
534 9
632 9
638 9
663 9
27 14
28 14
35 14
42 14
43 14
53 14
63 14
65 14
80 14
118 14
126 14
156 14
161 14
192 14
207 14
215 14
221 14
229 14
262 14
263 14
278 14
326 14
356 14
380 14
437 14
462 14
556 14
593 14
610 14
614 14
620 14
665 14
54 15
99 15
115 15
169 15
170 15
260 15
264 15
534 15
564 15
575 15
632 15
638 15
646 15
663 15
28 27
32 27
42 27
43 27
53 27
63 27
65 27
80 27
118 27
126 27
135 27
153 27
156 27
161 27
192 27
207 27
215 27
218 27
221 27
229 27
238 27
250 27
257 27
262 27
263 27
268 27
278 27
326 27
356 27
380 27
437 27
462 27
476 27
540 27
556 27
593 27
600 27
610 27
614 27
665 27
42 28
43 28
53 28
63 28
65 28
80 28
118 28
126 28
156 28
159 28
161 28
192 28
207 28
215 28
218 28
229 28
245 28
262 28
263 28
278 28
326 28
380 28
390 28
437 28
462 28
556 28
600 28
610 28
614 28
665 28
65 32
80 32
135 32
139 32
153 32
156 32
207 32
215 32
238 32
257 32
268 32
326 32
476 32
540 32
600 32
610 32
620 32
638 32
43 35
80 35
118 35
126 35
135 35
156 35
215 35
218 35
263 35
278 35
326 35
356 35
437 35
556 35
43 42
53 42
63 42
65 42
80 42
118 42
126 42
156 42
161 42
192 42
207 42
221 42
229 42
245 42
250 42
257 42
262 42
326 42
356 42
390 42
437 42
462 42
476 42
593 42
600 42
610 42
614 42
646 42
665 42
53 43
65 43
80 43
118 43
126 43
135 43
153 43
156 43
161 43
192 43
215 43
218 43
229 43
238 43
250 43
257 43
262 43
263 43
278 43
326 43
356 43
380 43
437 43
462 43
518 43
556 43
593 43
600 43
610 43
614 43
665 43
54 52
149 52
255 52
564 52
635 52
638 52
663 52
63 53
65 53
80 53
118 53
126 53
139 53
153 53
156 53
161 53
192 53
207 53
215 53
221 53
229 53
237 53
245 53
250 53
257 53
262 53
263 53
278 53
326 53
380 53
437 53
462 53
476 53
518 53
540 53
556 53
593 53
600 53
610 53
614 53
638 53
665 53
59 54
63 54
113 54
115 54
147 54
149 54
170 54
173 54
237 54
255 54
260 54
264 54
353 54
391 54
534 54
564 54
575 54
632 54
635 54
638 54
646 54
663 54
260 59
638 59
65 63
80 63
118 63
153 63
156 63
159 63
161 63
173 63
192 63
207 63
215 63
221 63
229 63
245 63
257 63
262 63
326 63
356 63
390 63
556 63
593 63
600 63
610 63
614 63
638 63
646 63
665 63
80 65
118 65
135 65
139 65
153 65
156 65
159 65
161 65
192 65
207 65
215 65
221 65
229 65
250 65
257 65
262 65
263 65
278 65
326 65
356 65
380 65
437 65
462 65
476 65
556 65
593 65
600 65
610 65
614 65
665 65
118 80
126 80
135 80
156 80
161 80
215 80
218 80
229 80
238 80
262 80
263 80
278 80
326 80
356 80
380 80
437 80
462 80
556 80
593 80
610 80
614 80
665 80
115 99
564 99
638 99
663 99
632 113
638 113
149 115
169 115
173 115
260 115
534 115
564 115
575 115
638 115
663 115
126 118
135 118
153 118
156 118
161 118
192 118
215 118
218 118
229 118
238 118
262 118
263 118
278 118
326 118
356 118
380 118
437 118
462 118
476 118
556 118
593 118
610 118
614 118
665 118
156 126
161 126
192 126
215 126
229 126
262 126
263 126
278 126
326 126
356 126
380 126
437 126
462 126
476 126
556 126
593 126
610 126
665 126
139 135
153 135
156 135
161 135
207 135
215 135
229 135
238 135
257 135
262 135
263 135
278 135
326 135
437 135
476 135
518 135
556 135
614 135
207 139
215 139
260 139
268 139
326 139
518 139
534 139
540 139
600 139
614 139
173 147
534 147
575 147
638 147
646 147
255 149
264 149
353 149
391 149
575 149
638 149
646 149
156 153
161 153
192 153
215 153
218 153
238 153
250 153
262 153
263 153
268 153
278 153
326 153
380 153
462 153
476 153
593 153
600 153
610 153
614 153
620 153
638 153
665 153
161 156
192 156
215 156
218 156
245 156
257 156
262 156
263 156
278 156
326 156
356 156
380 156
437 156
462 156
556 156
593 156
610 156
614 156
665 156
173 159
390 159
600 159
638 159
192 161
215 161
229 161
238 161
257 161
262 161
263 161
278 161
326 161
356 161
380 161
437 161
462 161
476 161
556 161
593 161
610 161
614 161
665 161
173 169
260 169
575 169
638 169
255 170
264 170
534 170
540 170
575 170
632 170
638 170
646 170
663 170
260 173
390 173
534 173
575 173
638 173
646 173
663 173
207 192
215 192
238 192
257 192
262 192
593 192
600 192
614 192
665 192
215 207
221 207
229 207
245 207
257 207
262 207
326 207
390 207
476 207
540 207
556 207
593 207
600 207
610 207
614 207
620 207
638 207
218 215
229 215
238 215
257 215
262 215
263 215
268 215
278 215
326 215
356 215
380 215
437 215
462 215
476 215
556 215
593 215
600 215
610 215
614 215
665 215
263 218
268 218
278 218
326 218
380 218
437 218
556 218
610 218
614 218
245 221
257 221
262 221
476 221
540 221
610 221
614 221
638 221
262 229
263 229
278 229
326 229
356 229
380 229
437 229
540 229
556 229
593 229
610 229
614 229
665 229
476 237
534 237
638 237
646 237
257 238
262 238
263 238
278 238
326 238
356 238
437 238
462 238
476 238
593 238
610 238
614 238
665 238
614 245
326 250
264 255
564 255
575 255
632 255
635 255
638 255
663 255
262 257
326 257
476 257
540 257
593 257
600 257
610 257
614 257
620 257
342 260
353 260
518 260
534 260
575 260
638 260
646 260
663 260
263 262
278 262
326 262
356 262
380 262
390 262
437 262
462 262
476 262
540 262
556 262
593 262
610 262
614 262
665 262
278 263
326 263
356 263
380 263
437 263
462 263
476 263
556 263
593 263
610 263
614 263
665 263
632 264
638 264
646 264
326 268
476 268
614 268
638 268
326 278
356 278
380 278
437 278
462 278
556 278
593 278
610 278
665 278
356 326
380 326
437 326
462 326
476 326
556 326
593 326
610 326
614 326
665 326
638 342
575 353
638 353
437 356
462 356
556 356
593 356
614 356
665 356
462 380
556 380
593 380
610 380
614 380
665 380
540 390
534 391
575 391
638 391
663 391
462 437
556 437
593 437
610 437
665 437
476 462
556 462
665 462
556 476
593 476
600 476
638 476
665 476
638 482
540 518
575 518
600 518
540 534
575 534
632 534
638 534
663 534
638 540
593 556
610 556
614 556
665 556
632 564
638 564
663 564
638 575
646 575
663 575
610 593
614 593
665 593
614 600
638 600
665 600
614 610
665 610
620 614
638 614
665 614
638 620
638 632
663 632
638 635
646 638
663 638
